0 32.17719751125713
0 32.427877280427374
0 32.52085744994178
0 32.594622061136526
0 32.625445997250154
0 32.63060498830543
0 32.65023868136887
0 32.672141790242726
0 32.68500901087159
0 32.680893395526816
0 32.69603407007572
10 30.405731663547066
0 32.695093325777485
0 32.702454973802425
0 32.71295990669888
0 32.71691576197665
0 32.715624295165824
0 32.72051401448532
0 32.71783173451366
0 32.72415966432812
0 32.732919750253465
0 32.735129334786976
20 30.440927727570326
0 32.7315552589471
0 32.736452363715486
0 32.73574231521501
0 32.74570121260952
