0 28.921119219815754
0 29.17210061741502
0 29.236345420926607
0 29.32622105553452
0 29.35419410923513
0 29.406651430234838
0 29.423106903598413
0 29.447952808062094
0 29.461788759678363
0 29.468159013680538
0 29.46819333941796
10 30.546876784133534
0 29.4857805415175
0 29.50110874886751
0 29.491712549572732
0 29.48840561945508
0 29.50589522509534
0 29.471112555212724
0 29.489229135960453
0 29.51976861165239
0 29.529550899298126
0 29.526104763384794
20 30.616720087814542
0 29.528568421024996
0 29.52953240229888
0 29.53737343855219
0 29.538817052070904
0 29.5407911156982
0 29.54213125886826
0 29.539514176882857
0 29.550008321240703
0 29.54625623031237
0 29.54842183116398
30 30.64336758358506
0 29.54640593547699
0 29.5472605907281
0 29.55846174058057
0 29.530814269236156
0 29.558035878065663
0 29.549478237248085
0 29.562575424727285
0 29.569989757466328
0 29.569753620479695
